0 1 2 3 4 5 6 7 8 9 10 11 12
13 14 15 1 16 16 17 1 12 18 19 20 6 21 22
0 13 23 24 25 1 26 1 27 28 26 1 24 25 29 30 1 31 6 29 4 32 33 34 1 35 1 36 37 38 39 40 41 42 43 44 28 37 45 46 47 45 48 49
50 51 52 53 54 28 22 55 1 6 56 57 58 59 60 49
47 22 1 61 62 56 58 57 63 59
64 6 65
66 67 68 69 34 1 70 6 71 72 6 73 74 75
76 68 69 1 6 19 77 78 79
80 76 1 81 69 1 82 83 6
81 55 84 85 86 87 88 73 89 90 55 6
91 68 92 1 93 94 95 96 63 6 97 98 26 87 99 45 100 47 55 8 101 102
69 76 1 103 104 34 105 63 106 107 6 102 108 109 75 105 1 47
110 10 111 112 6 113 114 7 115
116 8 34 99 116 6 22 12 117 43 118 58 78 119 120 99 45 8 48 121
37 1 122 104 123 124 6 125
3 38 63 126 127 128 129 38 130 63 131 132 133 134 8 135 136 8 19 6
137 11 138 43 6 76 138 138 137 139 140 141
142 143 93 144 6 145
146 147 144 63 19 93 81 28 14 144 12 55 6
1 22 148 149 12 70 79 6 97 106
150 6 97 135 72 57 31 6
32 151 152 1 62 153 27 154 52 38 38 76 61 16 56 1 149
70 1 6 155
38 156 1 157 135 158 144 6 139 140 141 52 159
160 55 6 19 161 75 162
70 6 137 72 148 57 6
128 163 127 164 150 6 97 135 49 108 64 58 57 63 72 138 78 59 165
1 22 166 1 12 19 22 1 149 62 148 1 106 151 6
167 164 168 34 1 89 118 164 169 170 6
171 172 87 116 153 87 173 24 69 1 62 5
166 174 175 176 6 97 71 19 174 63 8
81 69 107 1 6 75 144 8 177 149 148 12 59 52 56
1 168 178 6 179
180 142 28 67 68 38 72 135 11 12 73 1 100 181 28 182 6 100 28
70 55 6 183 184 116 185 18 65 43 101 156 149
64 8 55 6 186 93 135 76 7 187
50 188 81 69 1 61 6 153 55 189 180 38 31 6
85 55 1 131 85 34 190 89 8 144 191 192 34 6 193
194 195 6 1 84 196 55 6 1 84 197 198 1
1 199 200 186 174 55 62 193 201 27 62 76 7 70 62 202
89 22 203 6 89 138 58 144 19 144 8 18 43 43 85 204 149 144 8
64 205 8 206 49 205 8 207 208 24 206 49 47 183 209 24 191 6 210 8
211 6 212 213 63 52
69 76 6 1 188 20 174 214 6 97 81 79 153 6 69 76 1 1 215 216
211 206 100 20 6
214 217 135 144 34 6 113 218 11 78 144 219 153 6
220 51 160 83 6 19 161
27 221 222 137 223 5 2 1 6 27 224 225
1 92 99 119 70 200 38 99 45 92 1 150 6 97
226 34 99 45 85 62 127 73 227 34 8
64 1 61 72 228 229 153 6 89 20 153 6 230 231
232 96 174 144 232 6
127 22 1 6 72 63 100 59 12 6
233 144 6 34 234 1 149 6 216 235 236 34 87 55 6
52 1 6 72
38 57 55 6 61 237 238 49 173
1 216 4 239 240 46 75 1 241 242 10 243 63 244 245 246 237 81 5 97 63 6
170 206 247 214 153 6 214 18 65 248 249
100 6 57
8 76 1 7 108 6 202 174 249 201
214 235 63 248 6 249 195 1 250 174 251 6 19
99 252 89 181 253 99 254 42 170 43 42 10 6
255 70 256 1 257 63 258 63 259 59 79 6 1 106 19
51 81 28 37 206 100 8 51 180 200
51 37 260 100 261 174 180 173 77 93
231 174 1 191 81 28 38 1 231 189 262 75 63 173 137 1 149 112 170 173 1 263 264
195 64 265 266 99 267 149 268 110 28 34 8 75 269 99 37 265 100 204 1 149 101 270 271 65 89 137 1 191 77 63 59
164 51 181 28 70 33 187 272 92 63 226 34 33 42 273 73 274 275 276 173 69 76 1 20 179 270 240 277 164 188 278 271 63 279 257 34 63 176
164 188 181 28 218 8 280 52 28 281 282 188 283 8 166 174 188 284 285 286 36
287 181 1 202 100
38 47 288 13 289 70 55 1 153
1 149 290 269 6 149 291 292 182 98 1 293 149 293 54 1 149 70 294 15 69 76 6 76 149 75 55 1 91 295
0 284 75 1 149
204 75 296 296 1 106 296 1
223 70 256 100 297 294
99 45 34 1 149 298 68 69 76 1
1 122 104 51 52 8 261 255 299 59 198
69 6 34 300 187 1 233 127 300 99 188
289 1 198 1 200 301 166 118 68 63 34 128 128 302 63
303 1 256 75 144 304 54 102 107 305 7 164 306 278 212 1 102 142 107 76 7 304 303 106 233 212 107 10 46 111 307 1
298 308 34 87 203 27 148 203 63
122 37 100 20 309 310 180
94 33 52 181 28 154 63 70 108 63 70 1 149 311 73 214 100 20 191 312 106
1 149 70 256 52 313 175
69 1 75 314
69 76 1 206 195 1 75 76 8 76 1 103 315
65 79 200 316 79 72 6 34 317
318 28 70 310 319 28 280 205 8 310 173 320 310
308 274 321 275 194 117 308 322 323 322 144 324 24 308 325 326 219 24 51 180
327 308 168 135 328 29 168 329 327 51 180
308 308 20 317 278 317 308 24 168 330 21
275 51 112 331 332 28 308
308 284 167 333 334 27 113 208 13 28 233 335 225 94 294 336 135 211 308 337 284 298
287 338 339 329 340 341
238 342 308 343 238 342 308 344 276 107 80 276 345 141 344 129
308 346 308 145 223 249 93 324 73 52 347 28 324 28 52 280 135 217 48 348 94 348 349 52 346
220 308 350 351 187
195 164 297 308 352 256 204 353 288
164 200 354 81 355 47 308 286 322 308 356 80 308 170 286 77 136
0 68 357 250 308 73 8 18 308 20
275 308 20 358 359 360 361 359 360 166 134 360 258 362 178 360 258 208 308 358 359 363 107 364 365 63 176 50 176
366 308 367 165 368 302 68 369 366
370 308 52
34 195 266 338 308 371 366 308 73 308
201 349 284 308 201 372 373
308 168 350 374 52 95 160 113 375 376 177 194 81 34
366 308 229 32 377 148 104
261 308 34 358 102 168 0 52 52 205 8 168 378
166 11 308 34 227 308 231 379 224 380 224 147
195 266 338 308 189 205 8 381 324
382 308
76 17 308 203 383 383 102
164 308 52 279
384 220 308 52 350 351
146 147 308 385 326 386 52 8 386 280
146 147 308 385 387 388 310 386 52 8 386 280
389 52 149 308 308 389 381 390 149 308 40 391 392 308 180
303 308 52 81 393 149 314
308 205 8 28 160 8 96 310 394 173 324
34 308 20 37 362 37 355 135 364 127 395 38 127
34 308 380
85 322 308 396 31 308 52 85 397 395 209 254 367
369 52 73 192 290
374 308 203 364 398 20 151 150
135 322 308 134 25 237 163
197 308 399 400 401 223
298 85 308 311 402 118 185 102 85
298 308 52 151
298 308 137 403 118 362 178 151 208 20 324
162 343 308
275 51 214 28 404 8 405 406 197 405 308 284 91 298
298 85 308 350 123 351 407 362 107 185 169 118
178 6 63 408 364 361 32 135 326 203 83 1 106 34 171 324 74
273 20 52 209 85 28 38 142 185
409 410 146 334 411 8 27 208
101 412 329 413 150 203 414 415 414 136 414
134 416 38 134 80
52 197 338 188 79 79
204 148 397 164 273 417 34 260 366
185 308 372 404 177 24 418 308 419 274 157 102 82 420 5
38 270 308 421 168 422 146 85 200
146 147 385 387 388 386 52 8 386 280
38 391 190 308 423 353 424 299 424
197 308 20 362 178 425
37 52 426 38 427
75 369 8 18 308 296 61 59 313 8 180
265 164 64 406 168 308
220 308 308 38 234 127 85
85 423 120 428 308 429 317 430 430
38 425 85 91 308 291 85 425
277 431 308 85 89 432 353 404 279 328 353
146 85 277 308 433
200 37 149 398 52 149 434 149
308
24 164 277 435 146 70 149 270 70 270 436 85 12 93 70 270 437 308
308 151 438 149 439 326 116 284 144 149
13 440 36 214 441 185 15 270 442
52 443 118 70 350 374 25 70 444 367 445 291 367 116 118 316 262 38 367 118
164 51 214 28 85 245 317 259 174 103 185 28 116 85 101 446 221
275 51 214 447 185 200 436 56 447 85 175 297 297 440 448 447 449 450 70 433 447 447 451 432 51 180
452 51 181 128 22 279 52 279 166 85 52 354
266 85 453 454 37 85 455 85 37 56 456 85 43 85 85 436 85
407 198 85 24 457 458 198 453 51 28 183 70 453 407 173 128 22 459 453 155 76 453 73 52 51 85
164 51 28 197 85 76 457 378 102 73 22 460 51 461 70 185 25 22 457 460 28
462 85
180 279 214 462 85 70 463 28 70 108 24 185 436 163 172 464 52 70
299 174 85 47 85 312 465
85 89 466 85 166
467 264 279 249 85 284
121 85 185 138 116 170 468 11 48 124
180 166 378 28 85 177 469 470
197 85 279 326 52
85 52 279 471 386
91 472 68 184 251 26 473 474 164 275 85
197 85 169 102 308 28 26 102 475 476 310
85 89 185 457 378 300 85 56 43 185
85 407 52 279 400 270 471
85 245 477
85 166 23 28 304 102 27 208 478 166 52
146 85 479 249 96 480 84 229 85 119
116 85 367 24 481 16
386 85 279 471 285
386 85 279 76 482 187 471 285
85 483 484 304 485
486 52 279 288 114 85
318 404 227 353 85 487 314
85 37 10 353 353 315 104 304 120 428 233 127
197 85
102 52 89 85 395 118 127 102 127 25
269 82 76 488 64 228 85 489
490 38 491 233 127 404 79 70 85 284 439 470 145
85 470 431 492
318 37 340 493 85 330 347 238 494 337 242 52 340 85 495 330 52 146 85 194
496 156 304 497 498 197 85 28 78 499 500 174
85 240 501 222 116 49
182 85 28 181 502 355 378 121 503 74 446 132
96 504 85 505 96
102 281 294 275 188 339 37 447 56 506 85 447 185 507 28 189 87 416 268
195 266 294 116 47 279 203 425 68 37 85 508 25 484 393 509 215 52 510 286 135 107 507 85 401 47 85
64 511 512 513 279 85 89 292 514 515 422
85 52 89
85 52 89 85
85 52 89 273
181 28 203 53 515 116 515 516 418
181 28 150 245 441 71 85 441 163 246 418
166 85 280 517 265 506 414 265 354 52 158 421
265 146 85 476 423 168 163 518 453 105 492 239 457 192 453 426 76 492 519 410 308 16 519 16
197 85 324 515 510 286 350 180
85 396 80 271
85 89 11 96 31 102 378 102
164 85 81 28 242 38 22 173 255 45
520 22 358 208 249 85 520 370 45 191 479 249 28 96
80 96 124 96 246 521 85 426 439 96 237
488 76 146 200 225 257 414 128 245 510 286 485 166 176
197 85 89
197 85 89 125 512 513
123 81 38 270 228 270
522 502 85 127 25 361 134 37 135 382 49 85
37 85 47 87
181 28 150 245 441 71 85 441 163 246 510 286
197 516 85
197 85 181 317 523 326 124 524 28 150 525 116 187 523
189 85 407 526 527
85 528 407
85 528 477
135 85 22 55 196 137 85 135 22
135 55 85 167 166 236
197 85 170 529 170 530 425 124 49
266 399 181 116 22 12 85 354 52
358 531 515 85
532 85
38 421 317 20 533 159 170 185
47 119 270 534 188 52 443 444
342 535 214 128 290 360 347 388 471 52 461 375
94 224 200 69 536 78 270 436 200 378 102 38 126 240
85 194 197 516 85
119 358 531 70 256 52 142 507 200 38 483
214 76 68 70 127 102 537
38 85 538 539 422 38 251 540 449 539 317 284 42 228 541 38 542 527
148 47 127 118 543 148 118 119 87 47 200
137 402 235 236 325 228 544 103 426 137 545 170 137 145 136 89 87 546 185 81 360 138 170 137
91 85 294 265 508 85 102
403 527 181 154 117 479 43
85 505 163 172 396 527 305 233 35 279
338 308 354 502
243 544 200 185 47 185 276 547 68 262
146 85 89 104 104 43 279 285
38 425 85 324 163 34 53 208 13 351
548 85 181 28 137 185 548 28 417 378 197 85 291 546 548 177 130
123 164 51 110 28 233 269 150 544 51 52 130
180 549 49 359 175 28 185
146 85 550 166 550 148 20 185 403 170 185 148 166 410 495
188 89 185 407 135 279 285 28 154 551
188 89 185 407 135 279 285 28 154 551 188 233 146 552 511 98 284 91 411 294
553 264 165 187 381 318 185 214 364 23 418 41 166 52
166 185 28 70 146 85 20 279 156 84
123 24 554 116 521 169 146 85 127 555 185 102
200 81 80 118 157 102 185 80 249 146 85 556 550 557
164 188 38 127 172 422 185
214 475 185 290 27 104 502 558
515 526 559 185 188 176 343 265 284 515 13 36 526 173 515 526 506 141 396 345 141 135 185 130 188 219 515 526 559 515 526 559 274 98 560 341 561
27 179 376 145 562 563 179 43 270 546 317 564 355 208 5 294 38 562 88 378 142 185 13 562 146 85
195 188 225 565 43 146 85 185 200
270 28 566 459 248 453 187 73 137 453 185 137 85
38 127 567 170 185 70 240 126 222 568 45 135 449 567
569 51 52 51 52 327 175 185 28 570 52 51 28 116 28 85 28 52 327 487
85 64 185 194 181 28 37 111 571 544 243 544 286 196 572 286 522
573 559 52 146 51 89 185 531 573 574 575 36 463 166 22 85 521
166 138 550 181 70 185 151
81 28 22 358 102 185 344 188 180 562 565 81 28 21 185 101
233 255 576 128 491 255 185 166 41 52 146 85
378 344 188 354 378 563 185 460 181 28 437 577
548 261 185 548 548 127 146 85 578 116 548
270 70 52 257 579 38 185 24 187
224 209 22 170 185
13 38 127 567 87 185 446 404 363 127 16 567 126 486 38 185 567 580
47 185 85 141 356 188
52 581 399 487 185 200 582 411
42 149 92 56 12 583 99 185
200 481 559 185 70 294 181 70 350 200 481 334 200 481 422 170 185
491 501 584 407 185 528 262 89 317 38 501 407 422 585 528
225 17 146 85 38 17 28 24 185 116 252 73 461 96 38 28 252 210
135 538 586 204 393 187 92 586 149 116 187 174 328 102 187 187 174 216 70 25 461 70 363 587 70 521 16 538 71 188 584 54 136 556 149 174 187 185 70 354 275 273 274
504 185 428 528 588 480
589 200 38 379 243 539 70 195 38 185 166 146 85
185 395 590 137
89 330 185 515 291 571 193 22 591
50 188 181 27 9 243 570 474 592 261 593 499 185 28 317 261 574 141 56 163 165 571 474 215 185 227 279 20 56 498 594 474 571 250 196 163 30 425 215 477
512 513 516 22 216 306 112 214 197 516 85 22 286 68 135 361 595 187 105 68 135 375
89 185 596 597 85 596 597 22
214 8 22 598 476 598 185 146 85
214 8 22 598 476 598 185 146 85
185 596 597 276
13 38 179 127 378 185 52 534 279 562 89 226 28 331 179 271 119
414 292 52 599 283 185 31 127 359 360 90
89 304 20 146 534 279 238 600 185 227 85 73 56 46 559 38 90 185
459 70 256 164 601 146 85 116 185 602 116 517 274 459 185 116 170 603 459 363
325 85 290 89 371 31 405 158 43 371 185
91 164 20 17 560 146 85 116 88 378 81 74 5 185 42 149 21 245 17 14 15 76
352 96 17 124 38 549 185 28 504 146 85
89 604 441 185 102 85
231 13 36 195 185
229 17 514 73 181 28 70 52 210 580 249 17 70 581 504 185 146 85
166 146 185 185 473 514 128 489 518 137 185 516 205 185 166 246 605 185 606
174 144 245 56 185 174 262 334 249 41
604 70 284 13 316 38 185 604 441 607 97 166 146 85 22 279 145 386 290
185 200 141 52 188
266 185 85 561 561
345 68 79 36 557 118 192 85 102 557 148 151 355 20 608 185 225 125 146 85 396 557
37 462 85 609 70 15 185 25 56
347 28 185 94 13 354 47 185 81 116
85 166 185 560 85 197 560 174 462 455 85 24 317 425
425 196 433 200 208
101 576 315 185 436 270 400 216 400 529 187 354 290 436 315
123 527 294 166 269 373 606 470 146 85 525 185 610 52 290
453 284 141 356 42 329 141 611 329 141 356 373 612 24 613 614 200 214 56 261 448 279 603 217
181 28 9 286 368 615 616 141 52 13 110 617
576 285 591 52 188 618 356 141 207 73 56 10 244 619
52 281 94 95 347 28 284 195 327 52 620 141 291 141 327 322 362 356 219 620 141 429 109
128 621 141 491 141 91 141 356 622 623 620 141 623 128 517 529 128 141 558 242 624 128 207 52 555 128 280 517
142 489 244 16 201 625 216 368 269 200 128 626 22 141 356
400 620 141 440 282 595 361 77 78 627 529 275 116 7 423 276 628
122 181 355 128 207 52 141 576 375 77 281 161 75 4 252 333 502
303 451 200 269 624 141 207 30
266 141 200 181 502 280 141 207 629 267 570 630 356 615 570
28 631 356 141 207 629 208 208 51 356 49 98 356 73 214 369 479
164 141 181 28 37 632 249 164 141 150 632 632 555 207
266 596 15 51 44 249 141 633 327 632 201 396 634 596 15 141 633 15 635 208 28 567 327 432 208 636 82 635 28 282 16 633 28 637 82 14 576 252 161 4 636 637 82 584 355 216 638 68 330 81 475
361 413 595 188 54 98 639 317 102 425 639 595 639 361 188 639 242 52 640 356 10 361 378 102 116 361 415 575 378 102 116 361 575 214 595 641 356 639 136 273 642 595 639 643 414
188 256 560 81 273 141 51 188 214 284 356 273 193 356 273 193 356 87 357 644 595 356 133 199 76
273 52 560 299 141 207 49 116 207 266 291
180 645 560 409 141 207 49 164 224 356 644
116 42 356 646 336 352 141 646 336 284 356 555 647 646 336 356 555 647 274 646 648 399 354 494 37 42 92 646 336 356 279 604 441 163 141 52 135 161 604 441 504 163 249
511 284 208 8 547 356 141 207 282 560 4 649 274 356 136 315 154 314 280 56 650 651
188 141 52
37 593 652 614 91 141 356 356 8 643 593 382 141 207 270 614 141 207 356 37 76 652 652 614 652 253 97 176 141 207 187 498 425 652
284 87 547 94 274 141 164 195 52 87 653 330 376 16 654 421 655
141 207 70 424 284 274 105 207 628 347 441 634 25 634 249 275 207 249 290
253 624 356 174 141 207 406 23 352 624 386 634 636 595 103 356 8 633 642 76 356 27 393 174 141 207 231 613 614 215 52 399 141 622
547 68 436 554 517 336 249 640 269 52 164 297 316 37 656 581 336 68 611 229 593 382 611 657 336 52 128 611 249 164 224 640 207
63 249 261 261 258 6 141 207 227
318 316 135 421 284 27 141 356 10 570 244 594 421 650 201 261 570
233 658 611 601 214 141 266 611
13 355 659 352 68 379 274 242 433 201 261 570 141 356 619 87 660 529
214 28 295 167 436 357 618 141 356 215 467 356 157 16 506 270 207 207 113
624 200 356 52 200 318 150 27 141 207 97 64 356 661 56 201 441 543 282 661 358 208 201 136 222 563
356 623 141 81 10 514 570 86 578 38
623 141 207 356
10 141 356 589 190 635 193 141 356 135 219 195 635 362 322 662 253 356 10
119 421 648 164 273 51 420 356
146 89 356 145 181 328 244 368 3 352 141 5 356
308 37 591 149 118 34 663 275 141 123 574 261 26 308 34
442 141 319 141 662 249 261 570
308 640 52
222 307 227 51 222 356 222 141 249 610 52 555 30 664 158
621 244 201 141 356 619
621 51 511 214 68 141 243 267 96
664 284 547 664 344 126 52 261 256 116
181 28 356 615 48 630 640
400 278 22 275 141 620 141 628 529 285 102
181 141 356 97 195 356 207 52 141 536 560 494 141 419 274
400 355 38 627 78 72 11 275 141
73 665 231 357 487 353 214 265 399 433 261 570 149 393 24 56 570 146 666
481 304 667 448 322 52
180 199 276 570 193 576 285 213 448 51
266 197 448 322 13 668 517 74 201 261 141 356 73 13 8 570 181 336 244 197 611 355 174
354 52 201 207 201 441 136 201
502 355 633 88 378
275 200 181 355 193 199 249 261 570 669 208 76 149 401 109 37 68 355 135 121 228 55 109 314 141 195 200 199 244 276 205 261 448 670 275 628 486 448 670 193 228 659 226 4 227 109 226 231
181 284 346 303 671 664 103 91 119 328 52 275 276 129
315 437
527 618 141 570 618 640 570 467 433
574 96 524 92 75 96 363 179 28 533 221 77 96 629 75 464
47 231 49 141 249
54 266 200 355 368 275 269 52 91 261 570 355 52
27 192 302 503 525 625 403 394 658 394 35 103 639 132 323 169 469 343 52 355 294 330 38 323 578 639 671 208 639 193 48 632 244 261 170 441 527 333 422 441 49 449 28 23 274 73 315 185 284 547 228 315 185 249 412 527 28 185
119 429 648 164 28 157 494 419
318 357 618 261 570 81 316 631 618 207 201 631 159
123 224 244
242 261 672 116 445 164 224 358 208
623 141 52 274 547 68 284 82 249 244 231 244 52 201 194
547 20 322 181 357 614 560 73 181 560 244 570 249 349
297 354 52 433 199 570 581 279
373 28 245 425 378 102 52 475 186 275 28 142 533 229 662 249 401 570
185 166 22 673 120 347 127 146 127 92 22 211 650 109 28 414 674
35 315 27 127 287 675 354 103 315 244 28 261 570 86 579 570 32 135 135 579
624 637 376 16 244 501 174 625 659 142 486 146 127 506 279
570 275 207 606 52 91 543
52 201 244 280
244 570 275 207 509 354 399 112 247 152 164 51
228 141 356 676 506 247 650 261
181 529 662 243 28 186 193 199 249 261 570 201 141 356 145 637 54 74
200 354 144 198 155 200 362 610 387 20 362 101 387
52 141 427 141 28 499 185 173 141 279 188 110 27 406 133 634 677 327 229 406 618 356 10 141 356 193 213 665
198 399 612 378 164 214 613 614 294 94 223 356 201 13 502 613 612
81 356 284 141 356 320 34 63
52 128 146 666 284 141 356
81 219 355 502 141 368 207 52 266
8 652 52 382 640 207 336 8 356 464 150 22 231
318 355 347 635 596 15 141 356 624 52 645 207 253 205 28 141 207 429
181 353 487 594 353 52 141 168 10 570 244 594 353 678
81 52 141 179 533 17 215 135 266 368 592 356 30 144 170 534
239 208 115 184 356 77 96 119 17 280 269 128 419 330 141
409 275 141 275 141 158 452 621 119 427
137 609 85 216 139 140 141 52 159 137 501 449 215 85
135 11 324 433 443 371 275 141 52 133 139 201 52 200 159
141 679 64 38 22 141 207
240 76 68 135 141 38 47 78 22 275 141 620 141 628 175 586 680 490
231 28 26 137 357 251 238 266 148 364 118 301 142 297 617 192 207 148 164 51 273
231 0 214 22 569 148 233 597 78 597 148 283 68 681 183 116 358 486 617 268 546 597
107 68 38 11 148 378 102 378
138 64 16 318 28 289 187 16
148 301 313 148
313 138 166 48 378 682 119
166 226 138
195 364 2 395 364 176 195 514 607 683 52 164 64 683 591
94 148 166 530 207 138 138 231 684
116 232 144 28 173 672 138 73 489 116 55 138 348 138 597
148 399 278 148 48 64 135 656 529
94 95 47 138 278 229 138 517 181 47 138 87 231
37 149 148 81 189 400 175 94
119 174 556 148 93 145
64 148 378 102
231 189 148 149
308 189 148 87 354 52 399
148 366 308 189 148 308 354 52 399
51 52 26 138 249 397 322 150 151 124 445 236 291 118 127 667
91 89 377 148
148 166 377 148 51 217
503 12 148 72 224 231 116 159 148 72 12 642 11 228 344
266 404 684 148 247
569 51 142 685 148 46 354
142 148 686 185 108 4 116 364 16
685 377 556 148 557 52 294
225 149 138 19 491 421 363
116 508 226 55 27 148 508 240 144 224 20 170
687 399 94 421 189 85 148 687 49 687 200
214 542 68 37 148 354 148 266 164 19 148
13 148 149 641 623 148 124 38 188 251 198 118 625 375 529 74 540 118 345 141 112 540 200 502 141
181 28 117 52 550 148 683 298 68 47 383 87
569 436 32 252 148 52 455 336 47 179 94 223 64 16
47 249 141 356 47 148 514 148 173
181 28 312 461 393 118 475 48 148 19
148 200 358 28 148 629 200 502 423 148 47 64
349 51 148
148 64 181 244 64
195 266 200 37 438 688 148 284 148 27 291 23 180 114 20 399
137 148 148 19 495 148 130 56 259 151 348 52 657 148 417 73 56 685 70 151 249 148 19 151 152
321 51 426 138 179 148 47 200 56 258 259 19 200 506 74
475 47 148
91 200 47 148
52 166 148 379
37 114 148 666 148 547 52 23 203
209 148 377 68
37 685 81 158 393 148 218
227 148 70 148 231 166
148 200 37 148 398 52 148 434 118
318 37 148 27 192 118 167 367 118
180 298 689 148 379
181 28 148 200 511 118 197 164 224 489 56
316 266 138 273 164 68 138 138 266
203 683 495 209 148 172 312 687
167 338 188 81 28 9 243 117 135 148 34 378 41 649
91 236 129 626 148 20 672 580 166 685
298 81 227 148
37 148 1 64 181 227 338
52 19 354 19 685 148 32 286 572 684 164 64
452 321 51 357 148 148 200 393 617
321 51 393 509 599 148 200 56
321 51 357 148 200
164 51 92 119 93 148 37 119 148 92 257 341 11 118 311 151 150 108
81 26 377 148 378 164 73 150 4 26 37 174
68 79 87 364 70 28 514 148 544 27 148 89 16
79 116 134 138 524 22 214 134 85
70 137 557 67 125 56 192 148 137 235 236 561 148
148 294 94 28 545 55 148 615 348 74 690 338 20
123 25 70 444 135 41 148 149 148 149
204 76 148 358 208 52 691
70 171 148
338 20 164 200 137 386 386 557
70 148 60 389 148 52
89 138 295 85 70 151 261
250 689 118 400 20 148 256 322 540 148
70 148 118 215 131 139 140 141
137 148 38 12 148 64
26 421 138 411 421 273
175 20 123 148 70 51 80 118 16 38 153 148 328 561 508 561
150 134 204 148 92 291 92 362 29 134
663 70 79 148 28 517 151 421 148 608 73 85
26 148 163 51 93 16 12 148 311 151 148 134 12
384 338 295 148
164 488 28 369 268 56 79 28 93 151 28 185 16 70 159 348 173 238 47 138 382 301 28 185 44 93
214 28 340 468 469 185 52 673 279 135 41 13 692 118
178 529 20 148
188 13 69 76 383 693 102
591 123 52 119 228 3 179 550 51 20 28 185 294 92 148 678 692 187 117
181 28 70 148 52 16 295
349 181 547 293 175 95 341 464 622 195 73 110 28 47 293 118 74
266 148 200 214 471 20
200 37 254 148 535 403 489 227 148 94 95 47 535 116 466 41
214 266 198 148 540 200 400 102 47 660 529 536 330 565 215 393 364 231 108 105 364 352 540 419 465 244 148 540 379 676 262 244 390 148 676 475 370
694 108 219 148 421 557 103 104 193 438 694 73 52 118 70 89 85 694 563
318 70 137 148 250 255 79 250 70 377 474 564 118 176 23 381
181 28 393 148 409 366 203 326 40 208
195 1 685
214 493 509 138 53 24 493 509 37 695 554 540 216 270 540 46 192 540
51 491 144 148
204 269 393 103 237 626 76 514 148
214 127 164 224 681 567 327 47 94 155 148 149 73 34 343 28 94 155 164 224
37 55 175 202 148 72 1 545 137 55 231 27 127 69 153 175 278 323 47 175
148 37 164 279 557 148 20 306 593 507 20
329 370 696 294 28 229 644 697 319 266 398 697 38 698 127 60 319 180
51 81 28 38 450 20 699 398 180
450 370 8 200 112 29 13 28 38 105 460 266 370 28 36 107 370 210 450 290 135 665 370 38 205 370 473 450 700
46 696 222 64 370 8 370 696 231 273 701 670 275 51 226 506 497 498 46 558
37 111 702 370 696 399 52 560 80
370 81 681 403 201 370 665 137 370 473 450
195 266 661 174 227 699 661 174 64 227 699 52 70 73 181 631 201 619 661 174 87 660
696 222 64 460 195 703 22 460 370 78
370 696 64 107 704 266 180 53
231 180 166 450 454 437 460 79 70 681 186 370 335 210 450 450 52 53
28 171 450 23 24 46 392 135 656 87 400 450 60
38 698 450 266 52 38 450 319 24 705 266 171 370 81 135 107 460
702 487 575 266 706 664 316 38 107 698 330
70 164 107 460 370 319 4 54 27 185
370 204 370 647 244 665 319 216 370
8 370 473 181 28 370 163
696 370 707 707 68
696 222 64 450 46 706 73 323 671 70 156 460 600 195 708 460 222 539 224 194 52 24
112 706 272 171 76 52 450 38 600 460
302 460 144 702 346 442 64 263 248 232 214 665 284 432 547 52 24
195 403 294 354 142 28 2 248 370 16 291 319 174
696 702 200 370 23 266 704 180
622 222 64 284 52 200 64 71 107 450 176 318 8 450 370
204 370
313 2
696 222 600 231 337 681 73 194 450 78 195 708 112
354 188 70 358 208 530 370 701 81 204 452 89 41 85 137
370 696 64 56 279 312 285 56
301 222 460 600 144 460 64 16 74 209 119 370 696 707 707 681 73 403 370 665
301 78 164 511 266 370 38 147 64 180
266 222 37 52 370 696 709 450 49 245 607 52
284 547 529 38 319 195 703 23 319 145 705 294 461 319
370 696 222 346 231
345 135 105 442 370 76 537 442 73 56 11 344 12 173 49 684 48 378 164
284 432 547 227 147 224 22 330 27 437 194 171 370 266 222
450 135 199 370 335
511 28 48 460 522 16 180 710 610 156 460 73 511 460 256 89 711 460 450 370
597 706 64 112 28 440 78 627 386 285 73 224 42 370 696 13 28 38 107 460 164 98 42 680 248 597 674
112 370 696 266 460 301 460 312 231 370 696 256
372 39 40 56 511 696 702
78 627 370 597 450 79 679 38 107 460 698 370 101 684 12 360 400 597 22
294 81 171 370 176 139 140 141 242 214 450 130 286
195 141 702 200 440 171 370 697 450 52 620 141 157 702 702 266
70 450 89 370 696 314 170 224 291 704 450 227 450 174
171 491 370 60 675 386 491 370 696 200 215 230 135 696 229
13 706 370 556 697 227 697 22 204 370 229 662 370 697 370
64 194 255 118 408 539 160 8 78 181 370 696
547 52 370
257 185 587 210 370 40 193 201 261 199 319 4 174
38 376 38 370 389 284 376 200 205 8 689 52 195 319 46 280 190 264 230 319 205 195 280
70 107 450 370 78 704 112 266 171 370 60
38 171 370 60 38 107 370 171 370 222 38 112 40
195 450 22 370 696 64 194 78 9 28 491 568 149 308 1
38 107 370 219 266 181 475 171 370 248 450 386
81 70 629 25 70 41 445 678 118 135 584 80 291 116 319 60 80 579 546 508 291 27 508 461 508 566 370 73
231 214 460 8 370 603 553 112 370 473 370 696 294 173 201 261 665
629 25 587 450 445 678 259 370 130 70 594 293 678
38 319 116 41 370 162 364 73 712 227 70
284 70 281 461 20 261 370 580 284 376
354 302 450 39 312 363 704 370
370 675 316 171 370 450 180
450 70 370 696
284 344 214 370 52 70 81 150 450 207 135 370 675 46 16 107 60
225 312 621 22 304 164 27 127 249 691 217
266 200 180
166 174 705 174 231
295 249 73 601 255
184 690 51 225 89 568 61 216 697
105 52 225 153 450 118 44 197 224 60 52 64
171 695 46 227 703 28 425 52 28 270 228 713 52 205 370 191
354 144
12 364 1 72 55 354
582 225 450 279 266 582 22
573 20 301 144 460 39 40 450
91 265
26 6 563 20 6 638 29 6 127 365 339 535
222 200 142 382 137 293 634 191 89 370 539 160 208
434 647 212 182 116 20 674 64 284 212
295 293 370 461 294
233 93 18 89 568 12 225 222 289
382 273 20 714 634 295 70 79 697 490 450 249 714 634 102 702 616 116 339 651 228 715
70 450 490 476 164 384 478
13 28 70 176 716 214
358 531 346 676 214 412 483 36 70 289 28 60 389 654 483 5 390 326 560 454 658 208
676 652 358 531 346 53 142 412 483 70 289 28
358 531 231 52 8 305 539 654 85
121 175 13 28 38 459 404 358 531 534 65 187
120 358 531 70 256 654 379 203 498 70 52 125 483 248
116 556 539 560 78 343 468 358 531 573 418
349 166 573 155 539 78 468
112 266 358 531 70 70 515 350 324 510 286 187 485 441 28 73 70 381 515 317 70 515 22 56 350 324 22 270 70
716 70 256 181 28 38 716 248 497 498 137 364 85 717 279 38 460 48 717 517 483 307 73 210 70 194 277 435 307 660
358 531 231 539 717 248 173 483 534
358 531 248 64 539 717 483
180
195 358 531 248 189 248 401
358 531 248
358 531 279 514 515 350 324 279 37 130 85
137 358 531 22 103 379 378 426 52 195 115 418 116 379 484 379 539 389 379
358 531 70 256
256 52 85 279
483 70 256 192 672 483 85
358 531 370
358 531 70 463
231 653 358 531 248 231 248 214 483 185 52
358 531 346
337 358 531 397 395 38 389 60 483
358 531 379 89 483 174 302 381 228 713 76 248
358 531 346 379 512 513 317 89 483 228 713 76 248
76 358 531 231 214 384 295 20
377 68 80 358 531 480
358 531 231 52 166 483 185 115 166 22 31 185 108
358 531 70 70 483 567 210 580 210 483 85 441 370
70 358 531 248 138 365 339
116 358 531 248 577
79 358 531 279 185
70 302 358 531 248 498
135 174 358 531 216 242 214 245 510 286 116 176 135 174 275 141 52
70 512 513 317 358 531 248 85 226 8 248 187 317
406 358 531 387 5 573 649 73 336 78 459
483 70 256 248 483 91 718 295
358 531 51 52 42 247 48 93 118 149
379 294 302 248 279 23 70 566 489
358 531 70 256 301 302 483 248 462 123 295 64 266 400 705 200 481
358 531 248 504
358 531 155 504
476 394 174 370 70 710 187 485 245 150 219 187 485 89 710 166
16 89 11 539 717 577
70 525 620 141 52 201 665 135 662 358 208 525 335 242 52 159 214 441 483
582 13 435 38 717 483 584 245
70 187 483 137 248 249
716 717 200 78 70 510 286 116 370 479 696 627 428
558 693 717 248 709 307
225 379 539 279
22 13 28 284 700 60 379 13 214 85 22 2 515 107
214 248 483 654 379 307 489 305 97 248 112 588 245 52 125 483 248 52 56
231 621 28 187 467 231 551 107 187 102 535 535 551 38
214 22 16 681 520 156 343 394 379 370 208 215 370 20 379 554 70 418 515 52 135 379 539 536 249
70 379 300 52
38 379
589 432 654 432 589 654 716 654 432 589 716
693 717 248
38 379 52 379 294 52 214 379 539
450 200
70 483 539 304 497 498
266 200
164 495 214 295 137 538 716 248 184 52
70 698 305 197 85
311 355 716 233 658 38 76
164 64 189 179 247 70 70 679 70 0 54 716 475 681 284 547 681 38 80 679 179 679 450 356
91 76 482 317 538 716 248 146 85
483 64 483 307 317 461 467 584
716 70 256
284 379 717 52 538 56 248 55 174 412 461 417 116 179 436 461 208 249
716 38 200 421 180
195 266 717 343 603 200 13 284 412 717 700
321 52 81 28 70 195 319 378 102 73 459 248 358 531
76 483 70 256 407 294 180 301 166 70 41
70 275 379 539 654 248 588 425 79 52 379
281 358 531 56 358 531 70
471 547 52 70 248
480 358 531 458 231 52 180 483 230 340 417
358 531 483 70 321 354 52
693 717 248 64 52 76 64 569 248 455
358 531 70 256 38 41 166
187 627 162 355
351 270 343 60 389 358 531 595 214 270 358 531 573 169 387
164 20 51
456 458 404 200 214 390 200 336 4 37 484 456
214 719 266 128 404 200 249 44 404 231 307 330 288 73 207 404 450 309 330 20 576 404 651
278 78 627 585 470 405 383 126 564 185 304 667 209 720 718 68 64 73 25 405 721 222 501
164 51 52 28 656 32 155 649 209 386 118 13 364 28 164 188 52 22 284 712 404 470 405 226 309 37 506 164 339
266 491 453 112 128 22 24 200 686 598 526 532
718 329 655 13 720 670 491 211 686 289 470 558 37 541 720 711 130 404 722 208 53 635
404 225 386 41 76 137 108 501
76 70 256 13 38 404 450 70 404
404 436 723 355 4 116 279 546 187 38 64 411
94 404 332 52
404 142 369 715 127 24 231
214 68 404 723 89 470 27 27 91 123 85 295
404 64 301 70 41 566 470
404 567 231 173 404 470 332
51 536 404 470 64 214 295 181 28 48 364 78 627
214 28 641 404 175 144 528 376 126 144 470 245 378 102
38 270 332 404 52 36 332
404 70 64 70 423 724 266 404 481 107 460 187 52 429 404 356
81 681 116 87 698 503 183 504 87 85 174 698 18 404 15 503
409 599 404 28 592 476 655 404 541 214 28 292 404 655 22
64 89 118 261 558 404 185 470 378 102
112 39 312 266 491 695 724 526 241 501 598 679 54 423 725 458 676 27 13 266 28 284 107 674 39 489
85 20 501 559 547 68 116 14 214 715 501 5 14 404
70 564 404 248 187 428
76 404 722 289 723 378 102 720 37 541 227 501 126 405 304 187 670 503
294 585 720 354 404 332 233 225 56
404 70 81 28 8 22 55 127 73 52 576 332 491 85 68
231 214 149 118 657 404 527 85 76 498 95 22 411 355 76 270 317
149 85 165 39 672 383 404 405 332 720 216 383 102
404 22 312 285 70 157 102 116 85 270
13 720 404 38 270 289 383 502 404 200 537
404 70 256 635 112 404 470 22
558 404 332 13 670 655 38 179 127 102 130 22
48 169 590 108 127 590 137 127 378 16 216 404 378 127 208
89 185 556 720 78 148 243 259 73 227 85 64 684
102 404 332 194 149 364 501 126 197
404 450
404 166 279
107 404 528 378 102 149 85 259 556 684 48 364 103 528
148 72 470 85 154 404 331 393 148
38 76 127 42 404 208 70 274 208 45 394 305 370 73 137 483 248 378 45 298 689 16 305 370
404 722 64 720 189 599 94 95 148 19 655 722 332
214 102 719 118 130 149 585 84 503 404 425
404 458 585 200 187 719 473 383 364 149
197 404 332 194 470 332 197 85 720 78 149 148 225
233 149 719 378 407 227 175 690 404 149
194 67 197 85 396 404 332 470 720 78 148
68 670 500 47 404
214 404 505 378 102 52 197 85 470 187 682 120 428 64
225 466 322 85 720
52 288 295 142 272 352 203 175 210 503 56 404 491
225 483 290 174 528 528 416 462 655 73 284 422 693 84
472 29 404 51 13 38 686 717 36 463
52 294 726 404 727 207 655 218 22 173 472 655 150 218 43 726 727
107 404 470 85 571 49 235 117 208 404
266 679 248 558 404 699 684
52 24 642 411 377 175 404 64
102 400 404 148 149 279
337 720 720 566 102 404 22 284 547 670 107 262 655
411 558 404 332 575 572 279 157 85 130 185
404 22 679
400 404 346 26 102 249 325 404 332 37 388 393 148 52 94 194
13 28 36 43 233 127 246 185 51 43 94 405 298 470 668 503 208 405
332 405 210 22 480 682 52 673 239 80 682 686 104 22 682 585 528 371 405 64 94 109 130
275 51 181 28 70 491 532 176 423 275 399 189 51
164 51 181 720 70 599 404 489 470 200 51
51 110 28 70 501 20 15 185 51 180
164 51 110 28 171 24 501 51 180
164 51 81 28 70 18 532 214 185 470 51 52 200
91 164 188 181 28 726 170 391 51 180
275 51 337 28 463 51 81 28 38 22 270 43
275 51 110 28 26 473 170 185 52 120 255
142 128 302 248 304 102 470 239 436 71 41 243 444 717 40 716 305 215 102 21 226 506
174 144 528 498 470 56 144 682 144 144 127 144 470 64 89 363 376 245 85 460 138 528 28 227 55 528 391 0 207 383 209 64
112 128 358 208 385 22 290 28 101 385 491 8 385 208 52 275 342 173 164 295
266 491 453 214 336 200 382 404 330 200 56 38 532 491 501 28 711 719 598 491 676
266 491 453 22 24 470 200 56 491 532 38 404 598 70 501
266 532 491 453 214 128 22 24 176 532 404 73 112 200 38 241 501 90 528
266 491 453 214 336 128 22 491 532 526 501 241 717
266 491 453 214 336 128 24 404 124 112 460 200 56 491 532 501 241 717
404 491 453 112 24 25 491 200 725 526 725 385 725 241 717 686 598
266 491 453 526 165 676 336 183 38 491 526 725 404 330
13 28 670 655 214 22 144 43 271 304 480
70 423 501 728 171 536 284 107 700 14 655 214 290 501 102 547 52 501 70 256 110 38 171 501 460
166 185 385 119 28 291 527 116 584 137 404
38 91 547 68 354 266 491 322 16 217 262 112 23 200 217 16 501 491 404 491 693 717 23
4 693 693 717 185 174 85
216 378 163 172 436 12 43 26 395 567 76 355 69 76 127 47
298 68 69 185 378 102 333 137
724 70 256 166 41 294 53 70 461 284 38 131 532 547
200 166 185 85 80 216 115 4 431
332 38 107 239 622 216 13 69 76 102 105 729 290 729 653 38 579 76
266 491 453 181 336 491 526 404 336 150 470 208 174 176 526 433
188 28 726 525 230 292 185 163 275 51 344 625 339 695 404 274 369 188 214 194 416 416 56 192 425 102
287 557 17 146 127 359 214 22 404 456 470
171 370 214 404 22 102 470
422 344 188 13 38 730 517 652 709 422 164 188 125 422 275 51 539 294
294 411 695 404 70 52 70
370 696 231 404 489
13 28 38 698 532 404
76 68 26 404 470 378 667 135 213 22 302 138 72 85 12 731 270 170 673 208 43
404 332 301 22 404 470 304 102 535 214 40 586 149 28 78
185 525 404 20 562 103 135 201 116
195 294 720 37 260 547 211 431 655 653 38 105 689 68 216 431 655 355 192 4
344 666 441 491 52 344 499 404 208 18 666 43 665 330 615 89 216 205 404 208 525 20 170 185 215 185 335 588 104
404 458 231 27 392 343 180 404 491 256
197 85 609 225 146 85 53 94 223 214 609 720 15 148 72 12 331 170 599 163 172 609
52 208 662 352 404 15 203 724 724 15 491 135 662 249 201 669 491 281 107 532 370 52 372 578 732
492 668 720 491 492 171 270
52 720 610 16 328 491 678 154 541 193 112 254
547 68 85 47 404 85 505 425 503 146 85 242 21 135 621 85 193 286 52 572 85 231 684
404 149 26 102 79 149 85 47 404 149 74 38
13 28 38 115 431 655 115 194 197 85 127 172 673 468 499 449 194 56 272 284 266 404 275 488
404 51 8 172 585 528 378 102 28 227 160 37 174 55 528
404 70 256 189 146 85 53 268
195 266 727 644 52 146 85 726 292 404
37 404 52 146 85 557 148 53 37 85 148 325 85 685 146 85 733
362 91 252 99 356 150 207 150 421 327 355 404 396 431
456 64 469 720 430 197 175 430 85 13 730 404
595 361 734 404 102 480 404 279 214 174 231 146 85
404 294 60 724 725 470 598 686 437 460 501 241 717
38 171 370 532 724 725 460 564 655 693 404 458
102 33 125 557 146 85 404 378 102 364 1 291 27 151 34 364 1 152
81 735 85 17 228 52 91 135 85 404 572 85 684 231
727 294 214 292 404 208 41 558 470 52 655 722 727 727
8 87 404
404 22 197 85 148 404 72 265 70 256 37 397 26 102
404 64 70 171 404 404 460 64 73 214 222 295 222 404 450 52 490 420 356
541 722 294 181 720 270 182 98 174 470 37 541 356 47 87
116 676 195 655 722 404 47 231 214 148 85 585 470 676 189 557 146 85 27 73 47 404 289 202 404 684
404 503 425
37 85 55 127 404 470 629 400 85 578 227 185 688 149 47 85 87 102
404 175 400 200 355 655 52
404 684 200 148 47 200
164 400 356 355 47 404
94 400 720 37 404 684 48 148 72 78 470 720 47 87
358 208 404 22 480
404 64 355 653 21 225 449 163 172
404 332 144 187 76 482 512 513 609 56 108 149 332 313 249 586
146 85 693 404 22
95 404 64 454 404 732 226 165 470 246 115 292 423 317 120 95
52 501 22 146 85 28 566 137 491 577 501
85 404 37 85 541 404 404 684 551
181 28 476 47 404 553 405 499 279 148 146 85
116 42 480 404 12 665 146 85
270 70 582 723 150 185 25 436 441 165 39 312 185
200 278 251 47 22 222 404 730
294 720 227 404 670 85 23 179 64 56 565 736
400 20 68 38 536 501 404
404 684 723 37 684 85 404
404 480 146 85 279
234 149 149 102
164 51 181 28 37 149 52 148 38 280 336 489 697 1 8 674 37 149 328 370 10
231 81 28 238 72 23 179 149 47 64 368 615 64 195 28 70 72 38 142 544 238 49
301 149 378 102 298 70 76 149 472 116
64 340 149 149 419 44 356
278 47 284 104 298 713 107 149 108 320 74
91 254 399 401 47 267 149 509 393 149 299
164 224 1 408 72 52 72 664 710 137 530
285 376 40 568 149 438 149 2 330 27 64 161 16
76 7 568 78 149 715 460 266 92 228 607 503
28 393 47 83 149
313 72 100 34 174
177 204 438 149 28 154 408 55
34 72 20 70 257 180
318 475 10 149 10
81 421 28 204 149 98 208 28 487 52 164 267 327 176 223 285 195 200 52 51 16 87 437 172 400 1 308 173 455
197 42 275 149 94 399 690 268 489
233 149 48 514 224 421 155 34 92
318 149 194 179 149 168 226 112 142 49 237 281 7 32 572 286 227 194 16 518 119 269 625 411 736 735 4 112 663 368 641 149 175
213 149 213 459 112
105 68 79 72 66 316 66 91 295 105 135 70 208 70 294
37 266 149 47 320 70 6 63 434 41 174 37
70 72 118 179 16
55 149
11 608 149 151 587 102 363 12 371 22 452 149 174 185 396 441 259 149
70 273 149 9
64 195 92 568 583 89 180
399 70 149 304 269 180 306 354 51
70 55 149 64 75 1 99 45 34 195 266 308 27 221 27 291 629 368 615 64
316 227
679 6
204 149 48 87
54 156 170 224
37 191 38 76 1 99 45 204 149 55 6 61
92 149 124 296 61
318 70 149
72 104 56 72 89 85
204 149 87 52
12 149 688 144 146 70 142 249 146 156 534 228 53 208 713
91 200 135 201 199 76 149 176 203 149 159 28 21 28 149 181 281 736 48 711 149
400 94 149 47 231 181 355 278 47 72 87 16 17 149
37 47 1 149 100 354 52
225 70 149 79 576
89 72 232 144 1 191
89 72 144 179 470 378 102
233 144 72 24 149 285 228 103 315
266 149 297 200 401 357 642 266 149
20 51 204 137 72 586 461 425 208
81 38 72 359 360 124 210 185 610 52 365 149 535
142 339 411 149 70 51 454 306 149 39 672 494 399 535 365 339
70 41 408 205 204
149 231 301 149 175 52
200 20 267 149 8 24 568 32 229 149 408 63 203
204 149 278
149 663 25 159 135 149 34 136 16 583 188 354 315
149 64
149 400 81 171 72 37
214 68 137 348 615 149
15 64 73 601 149
70 149 179 109 16 53 179 109 56 74 41 415 270 414
70 423 149 47 64 204 149 180
52 76 149 194 81 79 76 149
149 168 70 149 368 149 70 41 34 16 100 16 204 583
254 149
64 301 72 204 392
151 70 204 438 149 75 1 168
231 149
70 204 238 149
227 149 70 231 166 70
204 149 137 118 70 1 34 308 52 194 316 64 274
399 451 266 149 399 354 386 200 365
149 165 149 308 16 358 56 102 179 168
672 438 377 149 408
149 180 651 149 175 734 274
149 231 390 175 203 85 185 204 175 274 173 584 402 137
549 70 149 461 210 587
167 400 52 89 348 149 28 155
318 135 11 149 20 179 48 736 378 102 52
11 149 124 130
32 149 100 149 124 70 444 204 149 136 136 572 100 684
690 149 64 72 27 127
537 318 227 568 116 87 166 568 379 155
70 137 149 241 284 70 52 241 52 76
149
64 149 571 291 571 116 149 73 393 149
181 28 227 164 149 70 124 450
325 89 42 65 264 70 72 314 587
149 627 322 56 149 734 274
663 34 586 568 229 368 291
149 47 200 72 27 109 37 583 109 204 109 156 27 301 64 149 70
545 83 149 364 102 85
149 8 160 144 149 104
337 164 51 81 79 204 149 632 663 446 132 381
200 227 272 28 108 536 69 149
412 76 149 273 70 76 144 149 175
137 404 149 378 102 52
37 208 149 609 584 694 694 681 64 79 403 72 694 630
156 438 149
116 149 226 8
338 295 70 149 151 37
536 149 408
227 272 238 149 285 341 129
683 149 38 149 47 64
191 8 179 266 149 408 269 583 64 107 149 408 27 224
567 358 531 248 200 92 72 483 539
550 76 188 692 208 149 215 51 181 336 692 118 284 149 47 74 550 93
180 214 170 673 468 142 187
164 51 229 89 28 270 673 468 51 180
51 181 28 70 673 22 214 185 51 52 102 673 266 200
414 37 181 28 193 673 468 22 517 339
164 51 214 195 673 468 463 187 51 180
452 141 188 601 673 247 214 28 22 189 181 28 637 89 673 76 482 70 711 673 22 188 73 166 12 22 711 28 185 52 499 12 200 188 73 183 77 12
349 166 673 22 185 554 489 284 214 270 673 22 346 728 684 342 349 24 673 285 27 424 226 274 673 481 337 274 207 285
214 15 673 468 423 187 52
51 283 279 673 542 188
214 673 737 187 52 24 673
86 24 673 88 474 279 313 20 279 166
91 164 188 89 170 673 118 233 422 28 185
673 188 279 28 3 330 8 673 56 468 73 214 28 22 673 56 479 204 620 8
91 231 86 615 379 673
371 43 673 737 468
524 166 673 738 0 673 735 732 4 116 137 673 737 11 22 137 108 173 11 479
68 135 468 673
673 64 301 22 270 673 209 91 123 295
125 150 127 188 77 673 468 48
356 673 737 468 188
197 673 85 181 28 137 152 165 673 228 85
629 270 231 56 64 431 407 52 673 89 11 673 738 468 52 270 590 22 89 673 270 64 73 228 405 93 11 673 738 278 315 673 738 468 304 164 94 223
116 317 52 316 101 673 737 275 321 273
81 193 673 228 141 128 673 468 737 739 208 272 193 228
404 22 273 655 470 304 667 194 72 148 332 528 673 22 43 425 23 187 102 39 20
89 355 317 649 185 673 737 739 371
673 151 468 348 196 673 8 110 249 502
535 365 81 406 673 737 518 379 314 249 275 141
137 501 716 585 528 585 410 35 120 428 673
591 355 278 47 279 673 102
397 395 23 52 284 28 295 718 81 70 501 148 126 84 270 12 684 43 673 23 279
135 11 673 22 275 141 52 52 159 21 510 286 187
147 626 673 230 695 425 286 228 166 170 673
429 231 52 135 22 270 673 335 519 64
211 673 55 118
38 553 127 85 49 553 127 673 148 655 332 135 500 498 425 127 97
27 638 164 64 733 509 52 354 85 73 52 73 166 673 673 13
135 130 673 468 140 141 503 52 159 673 21 510 286 678 135 136 130 173 665
81 70 386 70 256 52 27 64 56 74
52 524 691 524 673 468 673 200
135 673 249
503 116 384 85 127 20 562 127 26 196 170 673 468 166 185 270 266 49 85 11 96 185 274 173 36 12 93 220 376 88 127 97 441 187 150 464 604 486 116 590 5 127 4 374 101 137 80 549 138 557 131 291 364 235 130 79 439 96 606 185 446 176 96 185 521 173 127 40 27 67 194 96 246 521 210 70 134 36 96 138 608 150 134 615 148 291 70 246 173 49 138 550 17 74 80 150 550 70 246 96 556 12 81 101 70 246 41 291 70 317 52 146 70 173 52 17 549 125 70 246 17 72 127 291 204 96 195 101 144 490 234 363 176 524 185 234 688 234 688
13 135 81 5 737 649 101 673 468 28 317 737 52 673
135 187 378 102 20 17 534 673 468 270 208 85 179 187 378 102 118 108 185 557 12 20 534 17 533
214 673 245 695 64 115 44 295 56 468 191 402 118 509 673 191 577 480 567 35
247 624 645 207 261 38 127 477 439 315 673 468 714 176 477
53 214 42 85 18 740 43 56 673 468 739 49 90 740 46 126 501
64 185 257 673 185 34 1
76 275 70 256 344 576 399 595 70 257 339 154 164 188 595 25 257 1 568 673 126
214 270 673 468
209 148 118 163 73 537
213 85 70 270 673 422 501 721 240 428
13 70 102 316
52 673 142 313 711 121 279 459 94 43 271 673 737 36
673 468 102 64
673 468 430
214 22 163 396 527 25 22 214 56 520 279 90 200 673 468
524 585 332 148 85 72 22 576 591 404 52 506
70 491 501 558 501 283 501 481 200 214 542 501 491 51
137 673 468 187
673 468 673 109
167 166 673 468 384 91 495
227 8 52
131 291 85 135 403 523 326 185 309 523 85 51 362 13 496 16 523 362 323 23 262
89 480 673 468 439 104 52 38 185
89 170 673 468 396 556 94 223 93
130 270 673 52 519
225 42 279
214 170 12 96 364 149 423 187 477 226 176 187 187 227
85 102 85 571 508 20 170 739 56 739 468
381 166 507 571 191 165 594 245 191
119 311 28 348 214 73 189 89 355 606 185 49 216
645 52 282 253 510 286 626 170 673 510 286 143 230 77 136 253 254
3 4 116 85 475
135 228 143 93 52 279 12
605 164 441 491 44
605 164 220 491 44
675
494 166 739 673 55 738 468
137 185 693 436 655 52 24
38 584 526 221 42 170 673 185
21 673 208 148 204 526 527 500 624
279 51
402 118 116 116
673 22 430 476
181 28 8 598 38 99 45 270 568 635 89 208 8 137 377 127 323 127 135 449
187 187 174 187 473 89
673 667 228 279 673
200 251 279 570 409 570 436 183 502 336 249 599 570 141 356 730 611 664 135 173 336 274 304 386 399
27 291 399 181 614 612 244 570 668 27 291 612 183 373 613
396 645 181 355 193 244 32 249 261 570 28 73 108 587 174 244 210 87
330 356 353 52 678 141 570 594 353
195 134 322 322 52 565 48 570 28 565 630 71 135 699
354 620 141 174 110 648 336 249 261 570 372 336 261 112 287 565 17 656
96 81 9 161 570 17 96 118
244 650 570 133 87 158 671 81 356 136
81 436 47 552 133 249 645 216 188 158 452 403 280 52 108 514 509 47 133 336 469 336 356 645 207 552 261 49 135 49 552 226 47 460 437 343 715 569 552 356 645 207 150 570 49
244 28 119 570 664 101 271 562 73 87 8 196 195
244 261 570 141 52 650 244 570 299 34 249 141 356
283 570 210
185 648 76 68 355 378 91 48 570 185 735 77 16 198
141 322 668 244 261 267 570 52 661 20 645
133 188 81 133 570 517 174 52 146 657 419
214 91 295 28 244 570 594 336 20
547 68 47 650 570 127 503 101 562 356 615 570 356 75 570 615 578 732
729 188 316 475 135 729 627 669 570 261 729 97 38 111
243 570 200 669 436 52 645 645 669
52 645 37 322 55 356 10 570 570 229 622 249 599 109
195 669 28 295 110 276 244 193 195 669 261 570 620 141
81 244 201 669 570 701 52 645 645 669
181 28 356 261 74 368 358 141 207 253 403 358 274 141 207 74 133 570 356 136
91 68 297 487 678 660 529 249 261 570 275 141 276
47 266 149 49 249 133 570 75 267 149 328 624 207 244 570 570 664 193 356 136
110 735 620 141 244 193 91 275 387 547 244 261 570
181 10 267 570 87 446 621 261 570 630 48 472 446 547 141 356 244 284 636 437 104 215 437
647 570 164 141 135 16 135
214 369 427 261 570 664 437 76 319 12 52 134 294
266 64 81 244 669 570 355 5 101 77
261 570 242 445
669 494 450 214 669 175 451 427 13 355 244 193 669 570 249 164 201 215 481 112 201 669
3 34 640 308 244 570 378 355 116 266 488 570 27 414 52 146 415 641 414
261 570 414 413 200 261 414 415 193 356 136 413
51 337 193 566 570 566 322 244 669 249 645 201 213 570 244 314 517 421 208 452 20 451 587 570 20 570 145 316
51 181 244 669 246 245 52 50 141 249 152 200 214 645 323 671 355 52 669 589 190 570 52 645 244 193 669 170 488 73 214 68 193 669 244 645 207 249 201
51 89 17 570 236 465 547 260 137 337 43 89 514 17 92 284 43
52 261 570 464 101 280 464 27 333 518 355 261 618 205 15
294 167 436 502 336 709 68 133 181 28 433 421 570 251 517 133 644 648 336
181 275 28 244 499 119 85 137 13 396 45 119 356 31 496 353 475 52 275 141 506 421 570 249 669 0 17 51 419
260 547 68 47 517 22 735 216 244 27 261 570 201 141 207 17 642 570 436 398 427 419 47 276 51 94 95 502
164 51 37 570 249 17 231
126 205 336 167 521 205 174 180 261 570 662 336
181 355 135 656 10 570 75 436 315
284 47 650 17 565 141 91 547 678 47 650 570 320 660 353 336
200 354 144 17 570 244 96 499 500 185 462
318 323 677 327 570 261
48 185 570 85 48 48 38 636 34 740 204 568 48 389 689 38 459
261 570 358 531
6 730 6 52 107 60 191 76 482 208 81 244 669 570 38 275 141 52 669 200
8 598 201 669 565 17 406 598 426 244 570 76 185 506 8 286
734 91 68 244 193 671 266 52 709 429 570 17 280 323 230
344 188 184 570 123 134 208 318 475 96
52 615 650 570 197 194 615 395 10 374
244 570 17 650 261 200 181 17 28 574 96 141
200 166 570 118 17 262 70 159 377
502 297 214 499 8 402 640 261 570 617 532 279 502 249 402 402 95
222 213 570 208 52 327 341
347 28 395 48 570
244 570 364 102 421 28 85 37 368 351 146 85
81 227 568 249 133 261 570 620 141
294 48 677 570 17 335 677 570 73 9 270 509 205 473 677 570
28 52 261 570 244 651 280 73 283 439 666 319
244 193 669 261 570 135 619 375 570 141
133 370 696 294 171 370 490 680 702 249 261 448
301 538 539 319 108 187 127 85 181 28 461 319 363 70 185
146 85 13 70 102 316
284 547 70 702 64 680 490 547 52 181 28 38 450 710 370 91 41 656 28
213 164 70 256 213 1 41 295
602 70 20 602
70 344 188 46 52 214 213 70 656 144 342 56 192 37 355 188 104 64
70 490 66 66 542 25 444 70 490 450 89 41 678
629 25 587 450 445 678 259 370 130 70 490 594 293 678
16 146 213 180 17 70 70 17 678 28 25 316 214 96 41
213 70 256 330 291 330 79 144 41 229 41 89
281 643 344 188 293 70 547 52 181 28 79 70 60 450 274 276 419 269
17 70 638 489 415 257 237 108 17 70 414 38 96 56 415 257 194 56 17 70 228 199 70 41
70 659 678 38 12 149 450 41 228 678
180 680 68 112 213 70 680
213 459 70 629 25 70 41 145 678 712 218 146 41 218 386 285 56
70 41 146 17 443 465 337 730 294 323 386 70 144 70 41 160 174
542 741 70 256 89 711 359 360 96
370 696 702 70 164 107 460 370 319 4 54 27 185
17 70 256 125 96 730 370
70 79 490 293 101 370 473 204 124 450 149
52 257 522 70 189 146 691 70 68 188 522 70 257
70 46 547 508 20 70 194
442 70 406 188 70 538 680 304 24 185 114 70 580 323 70 406 208 249 265
70 146 731 159
679 17 174 89 179 76 73 70 159 38 17 174
179 70 269
91 718 70 294 181 166 148 208 15 233 328 605 504
70 256 20 443
721 70 256 125 270 736
70 256 460 600 420 356
576 285 195 163 539 322 542 309 52 557 146 265 70 256
37 17 42 678 17 70 257 675 43 94 583
70 13 38 266 155 52 94 95 16 17 602 565 27 127
225 70 146 443 225 41 44 41 20 38 27 185 506 73 112
70 521 52 248 538 680 490
96 298 96 135 49 89 85 240 43 96 142 127 301 70 317 566 67
382 68 70 680 442 52 437 162 284 711 41 432 547 38
70 125 41 587 41 229 166 175 486 70 586 142 586 149 587 85 148
181 440 70 450 4 304 53 46 208 354 52
222 70 256 287 490 70 450 248 680 442 396 450 144 64 95
27 224 222 490 68 222 490 70 490 695 222 79 137 450 27 224 545 450 434 647
119 17 70 294 337 13 28 411 22
85 70 270 436 300 154 436 284 348
146 70 443 70 70 587 354 52 443
171 146 164 144 70 256 707 707 37 544 260 52 194 48 70 444 544 314 17 280
195 598 166 17 70 424 246 52 183 137 11 96 336 116 158 350 115
70 166 41 64 16 443 17 557 586 184 68
37 17 70 424 127 231 166 213 119 17 70 41 533 674
696 222 64 450 46 706 73 323 671 70 156 460 600 195 708 460 222 539 224 194 52 24
214 49 711 224 52 37 27 221 64 730 568
38 332 185 308
70 21 96 422 119 52 587 151
351 616 70 256 41 709 595 361 70 41
70 256
70 51 166 164 70 118 12 149 41 44 257
70 371 353 378 102 137 371 402 135 449 371 353 504 527 146 85 174 56 23
1 17 13 17 28 38 355 21 20 1 180 17 70 158 146 188 256
70 360 490 112 705 461 89 89 490
17 121 93 380 495 434 647 17 125 70 70 170 713 232 534 70 267
135 195 708 181 79 70 680 490 319 195 708
70 146 684 196 17 236
91 459 70 256
38 587 156 146 156 534 443 70 443 118 70
542 123 269 70 256 52 11 164 70 89 41 465 288 52 306
146 70 337 214 412 70 289 146 337
70 146 622
38 118 730
70 728 27 185
557 107 68 70 118 266 420 356
76 70 64 420 356
370 696 70 256
27 657 519 70 742 70 52 443 257 414 643 93 742 214 289 28 151 64
225 125 423 70 94 64 284 547 38 610 711 22
496 70 256 70 52
52 443 70 339 637 233 315 9 286 315 216 190 237 315 80 607 97 315 354 392 76
52 504 70 587 291 81 124 533 70 41 166 131
146 70 638 414 146 70 70 294 146 70 146 70 73 214 257 413 489 146 70 146 70 41 70 414 166 194 56 70 712 690 146 70 414
70 11 12 149 148
91 68 70 6 63 70 257 70 311 38 244 224
135 149 70 41 146 70
70 137 733 509 85 80 733 509 146 691 70 89 733 509 175 146 85
325 175 146 85 335 185 71 270 70 41 146 443
233 557 146 85 81 28 116 118 142 159 151 557 28 233 323 70 572 684 94 95
38 743 319 116 41 370 162 364 73 712 227 616 70
476 443 146 70 41 504 547 38 64 506 70 256 73 547 38 70 41
164 70 256 181 28 466 390 70 41
616 227 484 146 41 224 146 70 41 224 152 657 32 291 89 261 261 41 32
150 446 404 25 721 80 116 90 721
64 171 490 680 52 691 70 224 260 208
494 412 78 70 256
105 680 146 85 70 270 248 108 292 510 25 80 132 216 291 116 680 422
149 70 41 461 344 216 344
740 197 70 256 38 740 740 72 740 364 740 740 740 582 330
1 346 337 275 344 28 181 28 70 238 8 137 59 586 72 490 31 8
265 70 490 65 293 70 76 7 296 56 381
146 85 146 691 70 52 64 70 659 157 85
679 514 285 13 275 185 20 22
265 164 70 256
80 382 680 70 256 70 386 224 176 565
70 256 89 70 41 599 179 64 443 595 586 146 684 70 743 44 224
354 338 188 680 70 358 208 530 370 701 81 204 452 89 41 85 137
146 70 489 323 377 41 175 70 444 70 675 68 69 76 376 66
150 70 444 116 72 27 259 291 34 149 73 174 164 12 684 118 491 70 41
740 416 70 185 580 130 85 279 166
70 319 680 425 27 325 70 295
52 38 450 20 20 450
76 295 70 37 42 70 135 285 286 42 399 260 51
70 146 490 680 586 565 359 44 70 56 363 260
301 70 534 146 534 443 731 369 174 534 146 70 41 684 70 41 12 41 118 41 491 41 443 70 41 42 70 41
70 256 22 425 52 146 224
70 490 680 208 44 70 543
70 149 118 684 12 442 450 27 224 89 179 70 443 146 73 8 731
380 70 256 268 311 380
70 359 74 52 146 265 70
70 38 586 149 204 149 47 87
247 436 494 680 586 610 70 680 586
12 684 72 364 102 180 146 265 691 70 443 731 146 359
284 547 529 490 38 319 195 703 23 319 490 145 705 294 461 319
79 11 179 149 586 70 586 412 149
89 22 80 25 135 164 70 41 124 689 124 12 88 378 102 557 148 13 476 490 450 212
70 490 159 363 370 40 703 566 41 370 336 78
318 70 238 176 509 146 195 52 287 146 70 164 200
123 70 256
38 491 31 52 490
135 195 451 38 698 450 233 174 176
38 450 443 222 508 194 288 443 122 104 43
70 557 151
70 359 118 72 164
137 459
605 70
70 450 52 669 139 201 171 370 24 450 25 21 450 97 137 70 41
70 87 174 87 38 355 174
70 331 68 331 488
1 6 267 70 41 69 76 1 20 6 5 488 344
284 70 281 461 20 261 370 580 284 376 680 547
38 539 270 531 539 539 317 80 85 670 655 171 539 185
70 680 248 79 44 224 227 651 668 248 356 705 314 291
70 386 148 47 64 306 508 16 118 284 262 89 70 41 508 70 16
70 166 386 319 227 651 210 319 356 705 44 291 314 319 248 705 207 319 174
123 70 256 52 490 164 200 70 460 743
64 225 399 37 64 38 274
38 118 651 41 734 274
70 450 216 52 275 141 52 159 21 450 97 486 70 52 139 669 201 135 581 49 78
288 70 256 150 187 137 85 396 557 148 359 551 673 586 72 185 540 118 265
38 143 93 93 52 260 70 64 52 146 691 70
85 200 38 148 72 12 117 360 684 501 532 43 659 732 102
70 256 263 70 450 459 52 70 295 181 28 70 587 52 325 518
70 41 166 443 557 586 490
70 358 531 248 216 52 139 141 52 200 159 21 510 286 200 139
616 269 227 101 146 282 42 70
70 148 139 140 141 52 159 21 257 135 174 148 246 237
693 717 248 64 52 146 85 146 270 70 76 64 569 248 455
70 149 146
180 12 443 70 444 146 684 70 629 12 117 444 38 684 551 146 178 93 544 52 443 70
511 146 93 452 42 70 128 509 214 12 289 556 48 378 159
70 256 51 286 569 331 360 684 48 20 146
400 741 70 256 181 28 151 49 301 70 41
38 743 38 319 381 710 627
146 125 70 146 70 194 16 70 509 25
146 12 240 147 20 146 691 70 227 146 379 224 227 70 444 172 137
70 41 334 64 196 684 87 78 535
658 70 70 269 466 546 41 73 348 546 64
180 490 38 460 743
214 68 79 164 180 443 70 256 354 509 548 606 544 81 79
70 179 450 249 95 51 365 339 535
270 241 263 70 52 146 20 225 290 187 97
135 70 728 284 444 587 151 70
38 118 52 139 20 295 242 52 159 21 80
5 23 317 52 159 38 11 88 102 39 200 215 479
702 400 64 180 146 691 70 189 265 70 64
116 284 24 70 196 249 443 70
70 256 125 443
70 620 141 52 133 139 201 242 244 245 70 246 237 28 41
490 273 25 450 97 116 478 70 41 450 25
70 443 595 52 133 139 244 361 135 136 174 31 361 595 52 133 135 136 174 361 311 70 580 396 139 544 503 595
741 70 256 354 591 181 37 70 256 203 285 4 56 41
358 531 70 256 38 41 166 146 395 146 85
13 28 38 107 460 269 70 450 216 620 141 52 669 139 242 52 159 135 107 460 266
181 443 70 742 28 545 250 70 742
70 146 443 208
70 151 620 141 135 174 148 139 140 275 276
70 79 358 208 716 248 620 141 669 201 139 137 176 343 665 135 248 335
249 200 674 70 257 164 143 684 12 73 359
501 70 275 141 273 52 514
52 139 20 295 70 43 568 271 659 418 295 52 139 140 141
260 68 26 490 79 135 144 705
70 271 620 141 86 245 80 185 135 174 179 271 185
382 273 20 714 634 295 743 70 79 697 490 450 249 714 634 102 702 616 116 339 651 228 715
70 450 490 476 164 338 384 478
219 181 355 70 23 22 285 70 256 165 173 181 355 70 421 285 490
123 70 52 691 338 28 295 70 41 146 443
70 450 146 443 490 89 370 696 314 170 224 291 704 450 227 450 174
511 146 359 443 12 146 70 214 715 12 70
256 52 151 200 742
28 115 70 28 248 78 364 151 281 187 631 56 520 737
329 294 70 143 93 606 587 160 249 554 123 152
166 146 70 444 151 152 52 443 444 421 444 98 217 176
491 534 52 490 170 539 160 279 490 491 258 166 534 543 603 700
70 557 608 148 504 146 85 384
384 70 478 294 81 557 151 557 151 587 52 263 118 124 151 89 20 603
52 70 256 37 211 70 47 70 74 116 37 227 70 294 64
231 70 294 52 146 70
741 70 294 421 435 277 41 23 70 256 94 200
70 200 354 443 70 400 94 454 572 164 64
490 680 450 70 370 696
356 38 170 245 510 286 52 645
64 38 107 411 22 197 85 163 22 291 84 135 22
381 586 149 70 188 28 47 149 565 348 52 565 149 137 52
70 532 17 52 404 70 532 70
91 50 643 51 38 497 498 494 52
650 115 70 346 491 496 414 257 16 89 491 391 592
70 166 386 285 711 22 137 41 368 615 170 224
284 142 491 95 74 629 491 421 94 491 400 70 370 491 403 370 665
680 46 70 64 47 565 17 201 249 64 189 194
379 174 471 547 52 146 85 70 248 510 286
70 294 586 149 52 146 85 257 41 363 393 15 208 187 159
197 501 85 130 696 13 489 70 176 501 491 632 678
17 650 70 386 414 194 56 119 70 712 637 119 228 199 414
91 344 188 52 351 709 595 200 361 290 70 302 10 142 595
213 204 290 284 38 213 204 258
146 650 70 386 414 194 56 119 70 712 637 414
730 231 0 214 507 22 312 179 533 266 166 22 730 231 388
195 355 70 256 13 38 517 588 164
70 41 38 26 80 70 41
70 17 185 181 70 16 339 300 736 41 566 153 324 355 174 281
94 70 436 245 459 410 424 231 565 224
166 107 533 146 70 41 64
70 380
692 374 179 94 223 64 116 70 47 148 1 149 228 684 48
214 547 68 70 148 47 304 599 94 148 47 200 226 506 70 550
91 51 70 79 568 279
473 104 70 150 104 566 41 160 264 97 461 179 587 16 43 52 461 70 363 25
50 51 13 203 508 508 181 316 79 70 179 76 508 475 323 55 201 87
225 70 256 453 71 164 118 149 222 442 263 121 12 684 41
455 64 13 28 678 70 586 149 678 37 100 73 47 265 100 475 87 565 17 173 572 100 728 684 323 100 701 52 368 330 37 572 47 586 100 592 330 100 684 475
13 38 126 600 699 398 24 721 25 126 39 70 185 38 742 721 105 460 126 315 185 600 126 422
59 213 70 256
696 222 64 20 70 222 319 363
31 149 313 149 64 461 290 96 583 149 445 231 678 249 73 262 70 290
616 316 80 355 505 235 97 224 70 304 146 602 359 565
542 547 590 137 70 242 629 25 441
70 171 60 702 231 52
214 266 702 289 269 28 70 60 78 450 547 52 266 46
741 70 256 118 72 12 110 94 70
70 246 270 12 93 41 116 711 587 505 131 41 323 47 294
180 70 71 159 70 22 471 290 181 260 78 711 22
81 70 629 25 70 41 445 678 118 135 584 80 291 116 319 60 80 579 546 508 291 27 508 461 508 566 370 73
70 256 435 70 164 64 730 37 175 13 27 711
70 256 288 0 214 107 711 41 28 284 382 135 116 164 118 72 12 41 44 224 41 164 566 467 710 565 70 41 390 173
565 70 411 70 294 565 94 95 125 565 576 71 279 176 28 70 304 48 148 355 224 421 43 368 330 565 280 200 194 382 68 70 118 148 302 543 519 565 94 95 216 118 70 69 102 148 118 565 28
493 70 256 125 146 38 360 450 332 77 266 238 382 194 16 70 493 261 16 299 491 261 687 249 403 17 48 73 71 31 70 444
